modd/00071.jpg,boat,8,0.960011,0,189,143,350
modd/00072.jpg,boat,8,0.978383,0,184,151,345
modd/00073.jpg,boat,8,0.988120,0,175,155,345
modd/00073.jpg,person,0,0.723972,0,113,50,258
modd/00074.jpg,boat,8,0.983101,0,164,161,315
modd/00074.jpg,person,0,0.861822,0,112,77,233
modd/00075.jpg,boat,8,0.985483,0,162,162,314
modd/00075.jpg,person,0,0.934122,0,106,56,236
modd/00076.jpg,boat,8,0.989384,0,162,165,316
modd/00076.jpg,person,0,0.949195,0,105,55,234
modd/00077.jpg,boat,8,0.990336,0,162,167,316
modd/00077.jpg,person,0,0.994499,0,109,80,233
modd/00078.jpg,boat,8,0.987545,0,165,169,319
modd/00078.jpg,person,0,0.997943,0,112,75,233
modd/00079.jpg,boat,8,0.994394,0,178,170,339
modd/00079.jpg,person,0,0.993640,0,119,74,227
modd/00080.jpg,boat,8,0.985183,0,202,177,349
modd/00080.jpg,person,0,0.998585,9,149,83,267
modd/00081.jpg,boat,8,0.994796,0,231,181,358
modd/00081.jpg,person,0,0.998537,11,159,101,279
modd/00082.jpg,boat,8,0.992970,0,237,177,352
modd/00082.jpg,person,0,0.996662,20,163,101,277
modd/00083.jpg,boat,8,0.992162,0,235,176,349
modd/00083.jpg,person,0,0.997268,24,161,102,275
modd/00084.jpg,boat,8,0.995633,0,204,188,344
modd/00084.jpg,person,0,0.994930,32,151,114,260
modd/00085.jpg,boat,8,0.986168,0,189,193,340
modd/00085.jpg,person,0,0.994673,40,135,115,244
modd/00086.jpg,boat,8,0.979192,0,173,197,343
modd/00086.jpg,person,0,0.999081,50,122,126,230
modd/00087.jpg,boat,8,0.979469,0,148,199,324
modd/00087.jpg,person,0,0.998552,52,112,136,225
modd/00088.jpg,boat,8,0.986407,0,148,203,318
modd/00088.jpg,person,0,0.994735,59,109,136,223
modd/00088.jpg,person,0,0.721159,0,103,38,240
modd/00089.jpg,boat,8,0.988288,0,154,225,314
modd/00089.jpg,person,0,0.998138,72,109,145,210
modd/00089.jpg,person,0,0.978599,1,106,49,233
modd/00090.jpg,boat,8,0.992888,0,154,229,322
modd/00090.jpg,person,0,0.998552,77,115,152,222
modd/00090.jpg,person,0,0.981681,0,110,60,237
modd/00091.jpg,boat,8,0.996863,0,158,226,325
modd/00091.jpg,person,0,0.998858,84,127,157,228
modd/00091.jpg,person,0,0.992299,0,121,64,249
modd/00092.jpg,boat,8,0.996399,0,178,227,334
modd/00092.jpg,person,0,0.998690,84,130,158,227
modd/00092.jpg,person,0,0.985113,0,126,65,250
modd/00093.jpg,boat,8,0.998190,0,197,224,339
modd/00093.jpg,person,0,0.998820,0,143,73,267
modd/00093.jpg,person,0,0.997165,84,147,158,255
modd/00094.jpg,boat,8,0.997320,0,206,225,343
modd/00094.jpg,person,0,0.999576,83,156,159,258
modd/00094.jpg,person,0,0.991141,0,150,72,272
modd/00095.jpg,boat,8,0.973544,0,224,218,330
modd/00095.jpg,person,0,0.998463,0,155,74,269
modd/00095.jpg,person,0,0.998430,83,167,158,257
modd/00096.jpg,boat,8,0.989078,0,208,219,315
modd/00096.jpg,person,0,0.999139,87,150,159,239
modd/00096.jpg,person,0,0.997492,0,143,78,258
modd/00097.jpg,boat,8,0.984592,0,200,218,306
modd/00097.jpg,person,0,0.999063,90,139,161,230
modd/00097.jpg,person,0,0.998593,0,128,80,243
modd/00098.jpg,boat,8,0.987292,0,193,226,294
modd/00098.jpg,person,0,0.999751,93,136,163,222
modd/00098.jpg,person,0,0.998668,0,122,83,232
modd/00099.jpg,boat,8,0.996511,0,186,227,293
modd/00099.jpg,person,0,0.999506,97,127,166,219
modd/00099.jpg,person,0,0.996987,2,118,86,227
modd/00100.jpg,boat,8,0.997054,0,183,228,291
modd/00100.jpg,person,0,0.999427,101,123,171,216
modd/00100.jpg,person,0,0.999114,3,118,87,227
modd/00101.jpg,boat,8,0.996634,0,183,229,291
modd/00101.jpg,person,0,0.999696,104,124,174,214
modd/00101.jpg,person,0,0.998851,5,119,88,226
modd/00102.jpg,boat,8,0.995453,0,182,231,289
modd/00102.jpg,person,0,0.999280,107,125,177,217
modd/00102.jpg,person,0,0.998532,8,119,96,227
modd/00103.jpg,boat,8,0.987797,0,167,229,301
modd/00103.jpg,person,0,0.999695,113,130,179,221
modd/00103.jpg,person,0,0.998434,16,123,100,232
modd/00104.jpg,boat,8,0.988570,0,169,232,299
modd/00104.jpg,person,0,0.999404,115,137,183,222
modd/00104.jpg,person,0,0.996608,22,129,108,239
modd/00105.jpg,boat,8,0.944602,0,166,235,300
modd/00105.jpg,person,0,0.999595,120,140,187,228
modd/00105.jpg,person,0,0.997235,26,134,112,241
modd/00106.jpg,boat,8,0.940591,0,166,241,309
modd/00106.jpg,person,0,0.999269,122,150,187,234
modd/00106.jpg,person,0,0.998677,32,144,113,246
modd/00107.jpg,boat,8,0.926397,4,191,237,319
modd/00107.jpg,person,0,0.998415,125,154,186,238
modd/00107.jpg,person,0,0.998383,33,148,118,255
modd/00108.jpg,boat,8,0.976610,7,192,238,325
modd/00108.jpg,person,0,0.999266,36,155,119,259
modd/00108.jpg,person,0,0.998820,127,157,187,243
modd/00109.jpg,boat,8,0.984835,6,217,242,323
modd/00109.jpg,person,0,0.998577,39,157,117,259
modd/00109.jpg,person,0,0.998007,126,158,190,245
modd/00110.jpg,boat,8,0.992371,8,219,242,325
modd/00110.jpg,person,0,0.998304,40,158,116,259
modd/00110.jpg,person,0,0.994302,126,160,193,246
modd/00111.jpg,boat,8,0.989177,4,219,238,324
modd/00111.jpg,person,0,0.999071,41,158,116,259
modd/00111.jpg,person,0,0.996057,126,160,194,246
modd/00112.jpg,boat,8,0.967174,10,216,233,319
modd/00112.jpg,person,0,0.999208,39,154,115,257
modd/00112.jpg,person,0,0.998711,126,159,191,242
modd/00113.jpg,boat,8,0.905614,15,212,228,316
modd/00113.jpg,person,0,0.998238,123,158,190,241
modd/00113.jpg,person,0,0.997298,38,152,116,255
modd/00114.jpg,boat,8,0.899796,13,202,223,311
modd/00114.jpg,person,0,0.997950,122,155,191,235
modd/00114.jpg,person,0,0.997053,37,149,114,253
modd/00115.jpg,boat,8,0.894915,2,174,232,304
modd/00115.jpg,person,0,0.998615,121,152,192,233
modd/00115.jpg,person,0,0.997814,39,145,111,244
modd/00116.jpg,boat,8,0.953645,0,175,231,301
modd/00116.jpg,person,0,0.997747,37,145,111,242
modd/00116.jpg,person,0,0.997585,120,145,189,230
modd/00117.jpg,boat,8,0.949150,4,173,234,299
modd/00117.jpg,person,0,0.997662,36,143,111,241
modd/00117.jpg,person,0,0.995042,120,144,188,227
modd/00118.jpg,boat,8,0.983101,4,175,233,300
modd/00118.jpg,person,0,0.998947,39,141,112,238
modd/00118.jpg,person,0,0.987275,121,144,187,226
modd/00119.jpg,boat,8,0.965186,2,172,232,299
modd/00119.jpg,person,0,0.997505,41,142,113,239
modd/00119.jpg,person,0,0.973105,122,145,187,226
modd/00120.jpg,boat,8,0.977951,2,193,237,297
modd/00120.jpg,person,0,0.997772,43,143,115,240
modd/00120.jpg,person,0,0.980758,125,146,183,229
