modd/00131.jpg,boat,8,0.962631,0,196,254,288
modd/00131.jpg,person,0,0.996334,80,148,146,236
modd/00131.jpg,person,0,0.974024,155,152,236,233
modd/00132.jpg,boat,8,0.880229,0,166,236,295
modd/00132.jpg,person,0,0.997590,152,152,238,240
modd/00132.jpg,person,0,0.992015,80,152,145,238
modd/00133.jpg,boat,8,0.906289,0,169,240,299
modd/00133.jpg,person,0,0.994198,80,157,145,242
modd/00133.jpg,person,0,0.970711,152,155,239,236
modd/00134.jpg,boat,8,0.936956,0,168,235,297
modd/00134.jpg,person,0,0.994185,82,158,146,244
modd/00134.jpg,person,0,0.980038,156,161,235,240
modd/00135.jpg,boat,8,0.938327,0,170,237,299
modd/00135.jpg,person,0,0.991952,81,160,148,247
modd/00135.jpg,person,0,0.953560,151,161,235,239
modd/00136.jpg,boat,8,0.876420,0,172,241,301
modd/00136.jpg,person,0,0.968486,81,162,149,250
modd/00136.jpg,person,0,0.960978,146,167,236,241
modd/00137.jpg,boat,8,0.859701,0,173,235,301
modd/00137.jpg,person,0,0.948644,140,174,241,249
modd/00137.jpg,person,0,0.912942,88,163,154,254
modd/00138.jpg,boat,8,0.831008,1,214,230,302
modd/00138.jpg,person,0,0.966334,92,168,155,255
modd/00138.jpg,person,0,0.911084,145,183,241,253
modd/00139.jpg,boat,8,0.872136,2,216,230,301
modd/00139.jpg,person,0,0.984344,93,167,156,255
modd/00139.jpg,person,0,0.955201,149,180,234,252
modd/00140.jpg,boat,8,0.924075,4,216,229,299
modd/00140.jpg,person,0,0.984187,93,167,157,253
modd/00140.jpg,person,0,0.911147,151,179,235,247
