modd/00121.jpg,boat,8,0.950702,2,202,228,303
modd/00121.jpg,person,0,0.997478,53,146,123,240
modd/00121.jpg,person,0,0.991224,130,154,189,232
modd/00122.jpg,boat,8,0.951558,0,202,234,303
modd/00122.jpg,person,0,0.997290,55,148,125,239
modd/00122.jpg,person,0,0.996584,131,153,195,234
modd/00123.jpg,boat,8,0.960144,0,196,242,294
modd/00123.jpg,person,0,0.998416,58,149,126,239
modd/00123.jpg,person,0,0.996486,131,152,197,234
modd/00124.jpg,boat,8,0.997774,0,197,248,290
modd/00124.jpg,person,0,0.995092,60,144,135,234
modd/00124.jpg,person,0,0.990471,138,147,205,233
modd/00125.jpg,boat,8,0.997999,0,194,244,284
modd/00125.jpg,person,0,0.996297,71,142,140,226
modd/00125.jpg,person,0,0.991956,141,143,202,225
modd/00126.jpg,boat,8,0.998368,0,194,242,281
modd/00126.jpg,person,0,0.993827,72,140,140,227
modd/00126.jpg,person,0,0.990297,143,142,204,225
modd/00127.jpg,boat,8,0.995988,0,189,242,278
modd/00127.jpg,person,0,0.996602,74,140,142,225
modd/00127.jpg,person,0,0.965053,144,142,212,222
modd/00128.jpg,boat,8,0.996056,0,190,243,278
modd/00128.jpg,person,0,0.997334,75,137,142,221
modd/00128.jpg,person,0,0.978953,146,143,215,223
modd/00129.jpg,boat,8,0.995855,0,193,245,280
modd/00129.jpg,person,0,0.997100,79,140,144,225
modd/00129.jpg,person,0,0.984776,146,142,228,226
modd/00130.jpg,boat,8,0.962218,0,192,252,285
modd/00130.jpg,person,0,0.994086,80,144,145,230
modd/00130.jpg,person,0,0.968957,150,147,235,228
