modd/00056.jpg,boat,8,0.589566,1,184,45,300
modd/00057.jpg,boat,8,0.799560,1,180,56,298
modd/00058.jpg,boat,8,0.666275,0,178,62,303
modd/00059.jpg,boat,8,0.655662,1,181,70,306
modd/00060.jpg,boat,8,0.670983,1,191,73,319
modd/00061.jpg,boat,8,0.631756,0,195,77,323
modd/00062.jpg,boat,8,0.811305,0,224,92,350
modd/00063.jpg,boat,8,0.969736,2,205,107,339
modd/00064.jpg,boat,8,0.974496,2,205,111,339
modd/00065.jpg,boat,8,0.977615,3,205,113,339
modd/00066.jpg,boat,8,0.967917,3,206,115,340
modd/00067.jpg,boat,8,0.984028,2,200,118,343
modd/00068.jpg,boat,8,0.984994,0,201,122,342
modd/00069.jpg,boat,8,0.980564,0,202,128,341
modd/00070.jpg,boat,8,0.954900,0,207,131,338
modd/00071.jpg,boat,8,0.960011,0,189,143,350
modd/00072.jpg,boat,8,0.978383,0,184,151,345
modd/00073.jpg,boat,8,0.988120,0,175,155,345
modd/00073.jpg,person,0,0.723972,0,113,50,258
modd/00074.jpg,boat,8,0.983101,0,164,161,315
modd/00074.jpg,person,0,0.861822,0,112,77,233
modd/00075.jpg,boat,8,0.985483,0,162,162,314
modd/00075.jpg,person,0,0.934122,0,106,56,236
modd/00076.jpg,boat,8,0.989384,0,162,165,316
modd/00076.jpg,person,0,0.949195,0,105,55,234
modd/00077.jpg,boat,8,0.990336,0,162,167,316
modd/00077.jpg,person,0,0.994499,0,109,80,233
modd/00078.jpg,boat,8,0.987545,0,165,169,319
modd/00078.jpg,person,0,0.997943,0,112,75,233
modd/00079.jpg,boat,8,0.994394,0,178,170,339
modd/00079.jpg,person,0,0.993640,0,119,74,227
modd/00080.jpg,boat,8,0.985183,0,202,177,349
modd/00080.jpg,person,0,0.998585,9,149,83,267
modd/00081.jpg,boat,8,0.994796,0,231,181,358
modd/00081.jpg,person,0,0.998537,11,159,101,279
modd/00082.jpg,boat,8,0.992970,0,237,177,352
modd/00082.jpg,person,0,0.996662,20,163,101,277
modd/00083.jpg,boat,8,0.992162,0,235,176,349
modd/00083.jpg,person,0,0.997268,24,161,102,275
modd/00084.jpg,boat,8,0.995633,0,204,188,344
modd/00084.jpg,person,0,0.994930,32,151,114,260
modd/00085.jpg,boat,8,0.986168,0,189,193,340
modd/00085.jpg,person,0,0.994673,40,135,115,244
modd/00086.jpg,boat,8,0.979192,0,173,197,343
modd/00086.jpg,person,0,0.999081,50,122,126,230
modd/00087.jpg,boat,8,0.979469,0,148,199,324
modd/00087.jpg,person,0,0.998552,52,112,136,225
modd/00088.jpg,boat,8,0.986407,0,148,203,318
modd/00088.jpg,person,0,0.994735,59,109,136,223
modd/00088.jpg,person,0,0.721159,0,103,38,240
modd/00089.jpg,boat,8,0.988288,0,154,225,314
modd/00089.jpg,person,0,0.998138,72,109,145,210
modd/00089.jpg,person,0,0.978599,1,106,49,233
modd/00090.jpg,boat,8,0.992888,0,154,229,322
modd/00090.jpg,person,0,0.998552,77,115,152,222
modd/00090.jpg,person,0,0.981681,0,110,60,237
modd/00091.jpg,boat,8,0.996863,0,158,226,325
modd/00091.jpg,person,0,0.998858,84,127,157,228
modd/00091.jpg,person,0,0.992299,0,121,64,249
modd/00092.jpg,boat,8,0.996399,0,178,227,334
modd/00092.jpg,person,0,0.998690,84,130,158,227
modd/00092.jpg,person,0,0.985113,0,126,65,250
modd/00093.jpg,boat,8,0.998190,0,197,224,339
modd/00093.jpg,person,0,0.998820,0,143,73,267
modd/00093.jpg,person,0,0.997165,84,147,158,255
modd/00094.jpg,boat,8,0.997320,0,206,225,343
modd/00094.jpg,person,0,0.999576,83,156,159,258
modd/00094.jpg,person,0,0.991141,0,150,72,272
modd/00095.jpg,boat,8,0.973544,0,224,218,330
modd/00095.jpg,person,0,0.998463,0,155,74,269
modd/00095.jpg,person,0,0.998430,83,167,158,257
modd/00096.jpg,boat,8,0.989078,0,208,219,315
modd/00096.jpg,person,0,0.999139,87,150,159,239
modd/00096.jpg,person,0,0.997492,0,143,78,258
modd/00097.jpg,boat,8,0.984592,0,200,218,306
modd/00097.jpg,person,0,0.999063,90,139,161,230
modd/00097.jpg,person,0,0.998593,0,128,80,243
modd/00098.jpg,boat,8,0.987292,0,193,226,294
modd/00098.jpg,person,0,0.999751,93,136,163,222
modd/00098.jpg,person,0,0.998668,0,122,83,232
modd/00099.jpg,boat,8,0.996511,0,186,227,293
modd/00099.jpg,person,0,0.999506,97,127,166,219
modd/00099.jpg,person,0,0.996987,2,118,86,227
modd/00100.jpg,boat,8,0.997054,0,183,228,291
modd/00100.jpg,person,0,0.999427,101,123,171,216
modd/00100.jpg,person,0,0.999114,3,118,87,227
modd/00101.jpg,boat,8,0.996634,0,183,229,291
modd/00101.jpg,person,0,0.999696,104,124,174,214
modd/00101.jpg,person,0,0.998851,5,119,88,226
modd/00102.